907
943
853
111
24
458
817
802
606
633
471
906
820
684
867
102
522
340
890
562
803
692
848
586
300
655
903
531
532
672
995
235
411
745
406
7
244
199
975
443
326
39
399
256
481
996
316
271
337
612
193
609
920
239
342
987
699
199
839
1
979
944
603
461
352
940
703
736
849
585
175
24
570
665
472
23
417
39
315
284
912
67
488
784
190
824
25
137
118
715
418
624
611
984
485
267
107
853
209
528
501
82
539
944
514
101
134
567
136
298
801
438
146
528
701
463
194
336
601
336
409
546
527
15
929
547
618
714
64
238
684
366
655
281
783
29
7
105
312
782
405
391
690
378
514
467
780
444
106
393
908
795
752
280
533
602
943
60
81
890
426
438
826
624
540
810
103
877
15
227
732
1
549
892
819
850
914
885
217
167
837
614
643
895
53
827
765
6
796
890
38
998
762
89
292
843
834
449
350
796
901
269
331
363
242
525
230
753
242
801
475
798
125
731
690
52
145
96
358
675
326
275
933
57
750
66
881
865
811
493
794
814
441
514
998
131
453
78
234
772
996
520
873
152
354
839
115
250
511
418
328
615
561
729
878
607
269
500
504
871
169
919
61
623
15
61
798
410
142
864
215
734
885
477
776
725
632
784
896
382
556
783
994
412
660
859
795
491
169
204
630
729
36
190
836
954
293
192
30
387
340
266
393
627
890
127
855
43
676
388
84
582
792
840
123
43
983
732
244
69
133
185
80
718
230
72
537
183
723
615
272
499
777
192
951
615
572
661
314
69
805
133
613
814
446
55
855
591
261
213
318
849
955
607
630
770
714
315
728
208
419
181
112
17
371
345
356
120
712
303
675
938
631
19
332
490
928
762
793
332
111
922
364
800
55
210
76
158
813
974
85
639
147
871
949
261
880
304
813
92
638
558
202
479
118
873
927
862
714
704
734
454
633
150
998
961
597
243
325
325
898
219
239
876
530
604
776
669
625
16
427
4
463
535
808
249
905
637
879
439
530
412
864
877
393
239
763
717
645
975
122
66
126
524
762
574
486
99
683
171
491
145
627
470
269
176
955
413
646
121
297
378
99
821
187
370
137
964
172
713
98
7
606
804
621
183
437
935
17
739
269
430
545
481
601
985
669
466
4
313
248
488
493
172
20
838
461
787
719
333
108
956
262
88
810
641
547
788
323
58
515
935
738
572
458
351
300
456
507
222
205
309
716
323
32
135
440
712
802
702
344
199
332
532
188
585
404
716
686
745
307
694
835
469
461
517
952
14
421
721
270
973
254
399
451
265
777
722
399
381
824
42
354
98
737
880
106
788
655
349
937
590
514
910
105
58
397
710
396
253
151
507
821
18
847
55
406
262
981
306
747
167
392
951
198
430
660
791
467
133
57
322
428
733
718
344
2
716
286
687
845
540
6
345
685
672
873
783
534
996
500
550
265
90
992
747
440
72
804
429
776
728
606
939
212
927
526
995
759
682
190
110
233
397
145
334
214
647
287
529
235
561
665
803
207
154
117
717
225
508
708
715
552
648
782
583
965
144
348
499
730
137
90
501
578
828
475
193
100
658
388
21
121
353
756
64
580
157
227
920
429
385
471
525
436
650
263
870
509
698
939
384
117
367
393
219
562
845
487
689
346
382
661
335
910
335
724
297
618
235
336
101
474
319
293
210
60
547
826
820
934
188
483
353
97
966
193
276
877
807
291
352
926
787
428
187
379
566
86
687
978
526
844
531
542
757
516
811
885
902
990
143
842
141
22
304
161
976
918
854
631
229
653
916
449
758
42
663
152
471
580
543
562
7
40
406
766
855
665
30
242
155
287
870
486
766
526
547
962
727
904
389
596
780
813
406
373
614
122
549
807
497
258
456
496
983
112
834
727
933
751
764
990
652
61
334
642
329
149
55
9
999
274
493
53
883
712
662
466
312
947
15
186
362
44
645
698
506
744
686
148
931
334
742
83
260
741
256
252
101
691
496
13
611
804
33
357
456
844
834
512
861
247
513
740
154
562
568
782
176
140
955
363
828
824
967
951
53
885
200
66
629
738
252
309
266
235
974
846
719
760
468
775
333
89
724
1
76
361
236
223
118
532
567
530
672
608
644
63
132
624
438
799
806
179
765
688
766
340
682
719
70
36
251
407
532
289
916
377
275
659
319
99
671
766
80
689
449
28
205
371
795
870
461
455
622
237
549
303
542
987
474
375
753
483
679
215
385
469
267
18
698
321
281
870
707
222
833
322
873
12
348
769
132
85
712
46
1
452
90
267
102
817
428
651
606
248
897
313
897
538
59
240
574
947
386
463
900
990
700
262
134
762
799
991
818
714
755
285
672
582
567
429
771
396
396
659
48
657
18
916
677
951
411
22
339
153
883
574
912
654
112
120
44
852
124
920
991
67
408
141
187
454
89
712
353
582
580
637
493
23
123
237
245
370
583
299
385
25
689
829
618
680
85
181
7
340
266
62
673
903
375
367
488
318
340
370
258
12
155
160
494
94
305
354
845
911
727
449
424
846
855
986
309
981
465
542
187
519
536
241
330
523
6
664
752
130
13
781
492
911
189
255
569
321
332
620
625
313
21
817
165
795
942
685
535
387
688
746
357
601
864
95
590
726
197
6
850
817
882
1
295
800
441
594
761
750
485
743
524
349
842
41
939
64
942
615
360
222
272
725
292
143
321
60
481
436
884
910
660
470
679
771
250
972
597
573
474
830
885
468
4
389
930
188
478
602
691
175
520
900
257
432
376
75
722
168
552
639
886
27
602
483
380
438
742
586
232
829
110
501
356
480
214
956
705
623
466
887
957
759
871
12
821
945
950
103
325
339
875
53
765
587
674
729
98
353
3
318
686
887
934
968
269
565
853
514
727
441
833
854
46
88
204
903
460
348
420
400
907
774
749
716
129
418
141
958
40
66
983
746
863
962
234
386
483
683
280
548
310
434
73
106
64
271
235
683
387
708
514
386
264
86
391
769
92
274
504
904
195
21
318
92
892
611
679
823
555
650
943
35
447
204
81
415
791
348
995
948
923
554
233
45
45
873
290
891
596
958
830
898
571
426
835
85
635
809
758
862
827
642
395
502
545
39
863
402
106
890
37
28
549
227
431
718
945
122
201
3
917
108
207
733
132
544
555
2
680
415
283
864
303
659
967
391
800
417
848
700
807
92
11
483
57
946
750
378
900
465
696
837
272
813
290
369
896
634
19
652
335
908
386
961
786
160
14
809
939
420
114
794
706
176
593
393
968
140
106
823
122
61
742
557
37
37
300
623
467
336
757
181
817
40
982
516
725
980
786
51
532
145
382
309
521
563
527
397
548
706
971
890
15
798
361
49
569
133
648
433
798
746
988
351
497
853
308
592
277
487
220
588
890
687
345
891
347
335
553
89
262
867
898
507
930
445
137
382
825
263
195
637
837
743
543
767
436
73
715
199
989
146
163
890
22
929
267
493
720
684
199
829
334
568
988
490
127
699
625
261
731
805
913
458
506
8
317
573
139
620
919
854
686
302
437
270
278
274
157
893
823
338
397
861
987
961
343
977
510
773
361
919
721
239
566
712
316
422
663
921
409
316
431
564
439
546
198
472
739
754
825
324
136
86
17
784
902
289
366
146
475
74
573
569
189
739
481
678
610
506
396
610
826
853
841
737
425
935
722
816
701
412
746
443
936
135
49
951
747
98
235
573
391
955
397
844
482
196
388
220
861
686
724
328
978
50
520
109
694
972
519
47
204
886
120
898
214
271
317
958
394
147
41
922
623
675
97
549
47
957
561
924
364
696
314
969
250
560
732
57
642
150
438
574
537
812
449
581
335
808
388
36
610
928
854
253
159
846
62
993
530
13
980
746
780
67
651
122
121
312
141
781
949
549
221
566
177
84
409
907
966
631
205
518
312
130
125
523
35
81
34
778
93
491
704
95
370
126
233
981
437
204
90
70
277
274
325
492
936
812
27
597
466
236
359
93
220
362
982
222
109
796
428
296
349
322
437
523
879
843
283
809
147
899
820
852
560
266
4
489
372
521
834
534
306
829
700
813
896
973
64
745
889
41
167
481
514
848
107
30
699
976
903
484
530
769
169
168
514
847
298
986
864
850
900
737
485
788
926
759
479
436
353
965
15
440
827
25
398
966
750
601
539
860
584
580
341
164
936
384
976
565
395
84
430
735
565
39
861
718
798
453
85
409
680
536
361
48
949
369
477
133
537
839
602
700
538
80
74
414
146
379
335
445
323
528
570
780
178
904
288
345
824
248
480
868
483
713
982
9
496
579
163
456
75
502
862
52
408
943
485
605
793
505
597
633
914
756
699
101
544
937
724
519
278
994
566
922
350
396
911
885
382
896
948
77
343
617
946
819
591
626
390
486
530
736
661
127
727
457
827
519
65
765
387
220
492
629
38
244
483
413
520
814
431
195
271
620
933
624
158
865
170
715
756
575
745
754
636
391
580
735
215
639
644
388
684
443
186
171
749
182
978
263
619
367
142
497
433
128
236
582
669
434
643
889
588
539
115
913
895
992
523
502
483
467
842
128
491
548
234
122
676
438
504
341
234
420
411
575
959
335
929
796
626
756
452
992
149
745
103
640
820
281
846
105
424
78
142
628
396
35
716
874
911
239
770
444
897
775
59
70
800
920
466
583
509
907
441
202
202
843
789
169
97
861
307
942
137
426
516
890
793
355
279
585
555
592
223
427
291
285
436
943
606
736
751
24
649
398
91
595
900
522
437
153
671
487
573
406
977
153
588
629
499
691
981
743
522
472
21
156
890
555
80
443
918
122
957
611
732
605
563
573
931
57
404
921
450
67
45
868
522
595
342
103
270
895
275
263
751
755
450
743
874
389
600
956
849
451
408
976
832
40
848
788
767
187
554
183
112
396
570
533
498
126
765
445
379
857
723
931
482
419
132
35
548
755
135
880
49
402
70
238
664
316
165
401
512
276
723
551
269
748
724
731
451
533
789
909
342
465
705
322
311
478
887
163
83
489
187
153
941
297
173
625
833
716
135
215
822
157
972
161
269
621
125
653
343
162
865
257
817
208
931
514
354
301
274
549
388
382
76
843
387
125
578
541
557
331
133
660
94
498
271
208
821
73
509
37
956
270
148
640
693
986
683
105
29
471
97
698
686
902
710
500
589
89
263
511
25
639
432
713
119
823
882
60
575
479
873
86
421
712
602
824
11
396
688
743
923
917
173
122
572
245
877
536
726
37
284
143
814
956
229
662
525
613
614
709
468
396
653
833
230
430
510
11
951
815
108
628
342
402
12
594
890
131
519
189
690
417
61
897
122
993
770
386
951
115
363
537
93
418
691
837
388
714
497
120
858
144
9
471
987
245
256
4
753
634
809
982
909
397
838
210
445
949
545
294
354
884
128
134
32
840
448
277
423
691
25
295
4
416
359
105
328
619
52
918
659
322
720
282
23
980
395
855
1
912
656
983
160
462
498
27
885
291
82
444
808
728
200
548
872
94
238
718
563
151
331
341
716
306
16
297
677
873
215
720
336
866
571
794
454
821
792
196
967
366
826
266
302
250
141
43
636
42
86
40
158
8
74
456
324
646
392
942
511
53
985
152
993
355
865
457
285
982
764
401
389
687
98
83
421
299
196
82
159
287
581
636
155
216
262
266
287
523
193
968
59
15
748
562
32
396
654
585
816
861
687
838
374
415
308
52
863
482
203
953
339
874
89
173
820
430
235
804
118
598
506
671
600
786
994
567
942
57
548
521
945
378
917
771
958
507
212
679
370
948
896
722
916
669
326
390
306
574
447
203
110
38
282
990
450
597
63
394
54
261
886
194
184
92
52
187
714
136
283
882
710
871
964
638
516
856
340
231
440
387
21
786
536
735
351
45
851
200
591
574
620
66
346
141
753
319
953
275
649
199
827
836
771
347
14
29
226
265
616
18
518
183
567
429
462
749
99
47
535
159
442
724
602
423
505
156
726
780
237
898
893
462
147
373
486
720
575
366
815
432
208
316
436
53
856
80
269
90
614
893
738
766
850
549
779
540
886
899
879
915
99
780
942
635
83
21
7
54
922
23
755
211
121
517
586
822
124
786
307
198
811
201
68
731
505
208
74
825
397
114
676
388
266
520
150
806
825
13
226
551
343
828
88
980
973
730
255
386
527
406
342
558
273
381
745
825
209
478
9
922
262
918
400
605
275
680
613
705
93
617
389
876
554
398
647
231
497
500
100
371
934
436
545
814
416
536
519
852
838
242
431
902
888
426
216
841
526
432
84
550
380
874
897
221
477
862
723
380
564
555
816
459
637
437
983
283
936
487
536
309
549
552
484
959
771
448
692
217
334
992
730
231
517
369
551
480
358
35
632
540
595
519
152
801
802
659
568
286
632
780
543
742
251
26
868
963
782
582
802
208
558
830
103
691
348
236
224
881
776
947
420
269
915
407
608
476
72
991
669
343
390
107
207
686
128
449
761
621
243
339
195
587
689
725
210
703
147
757
83
598
778
729
869
633
443
106
79
441
390
439
577
945
648
258
40
619
255
409
850
241
490
655
979
354
76
894
541
219
799
953
928
998
335
417
984
201
726
864
201
258
869
81
576
320
808
7
499
385
143
669
720
107
834
666
536
156
268
329
299
841
91
119
135
240
672
831
969
491
344
149
99
481
563
903
757
964
38
202
631
906
571
875
239
976
753
814
791
344
639
538
820
488
186
225
786
430
763
618
832
738
307
10
133
150
337
187
212
214
571
78
48
685
194
932
273
542
169
657
135
438
807
817
614
593
672
136
252
579
903
857
835
330
539
153
558
139
718
828
258
645
212
468
546
146
208
594
321
866
132
687
795
571
603
255
908
871
330
611
161
97
921
5
90
220
486
678
234
741
333
287
824
478
680
644
116
545
673
831
618
703
323
574
892
359
543
30
85
514
323
970
748
538
970
329
651
655
725
844
653
371
584
54
807
632
871
481
958
881
596
584
421
592
789
369
645
465
75
402
679
455
924
626
145
471
869
21
164
235
653
67
815
187
721
67
371
309
814
270
791
387
598
71
233
800
954
786
316
577
334
674
23
821
853
744
208
846
282
638
26
264
747
643
774
200
317
689
155
544
650
872
431
309
525
313
355
929
67
182
733
569
369
221
225
987
251
701
237
11
69
948
512
284
857
715
190
722
367
681
113
369
649
335
614
278
338
267
329
453
582
68
293
937
575
819
571
34
525
707
479
185
834
496
82
953
317
860
943
189
693
248
296
984
643
378
318
308
391
427
188
505
203
298
774
649
86
314
337
902
61
318
218
999
372
507
239
194
854
399
534
232
204
951
677
708
374
47
75
736
405
947
954
271
524
111
512
564
449
795
445
134
393
574
32
879
253
946
522
373
915
148
861
129
71
617
827
919
575
537
480
294
437
71
116
90
422
169
934
427
572
241
867
840
346
977
852
847
62
279
32
411
520
601
484
555
795
990
57
335
504
43
712
471
418
764
175
679
845
628
739
65
921
362
807
980
630
484
104
759
248
813
223
952
73
751
592
27
678
382
985
733
695
433
77
813
824
926
700
144
287
149
331
870
468
802
674
77
511
287
639
675
83
480
373
645
903
907
643
840
569
578
183
786
619
612
184
413
111
76
155
35
247
148
33
92
169
175
515
112
533
115
631
818
232
813
675
367
833
371
529
663
725
48
690
118
497
43
897
434
957
337
161
261
330
946
698
447
131
264
677
760
858
155
492
326
591
900
627
499
538
564
984
749
138
642
249
943
875
199
311
587
156
685
167
535
165
516
619
746
660
44
814
292
918
465
454
282
178
657
790
206
143
105
10
565
443
620
737
586
692
888
113
959
804
569
118
464
798
353
167
322
358
548
179
416
225
825
585
148
733
750
704
719
64
245
289
154
455
520
533
309
651
460
346
422
656
608
376
789
374
36
49
579
961
549
426
802
611
415
129
411
169
676
378
535
745
761
565
432
842
343
41
1000
854
245
499
68
118
827
324
349
550
455
586
106
172
568
32
801
259
654
34
663
787
734
704
356
89
574
583
127
120
723
236
331
756
650
284
610
622
249
716
529
950
437
970
813
634
309
561
729
608
511
351
616
21
823
420
721
710
655
364
841
628
222
945
108
751
130
623
877
720
755
576
86
24
275
913
389
789
167
984
649
427
525
576
296
658
907
485
123
688
787
158
107
753
103
311
437
914
517
401
848
103
229
710
632
8
141
482
179
547
484
233
328
921
349
280
407
827
608
950
356
286
100
205
207
148
865
221
84
215
847
402
583
460
337
423
192
724
109
459
373
531
693
214
259
879
935
409
614
933
591
408
470
170
310
297
746
379
212
247
819
346
230
129
910
328
19
970
134
248
447
387
221
44
393
784
967
301
811
953
194
429
711
602
97
37
793
153
151
856
221
986
44
787
180
972
304
210
812
280
800
82
137
717
270
41
155
939
541
91
41
744
809
609
847
334
162
585
186
562
546
238
195
390
585
876
869
411
452
742
119
242
252
409
999
533
730
969
195
68
502
109
143
816
500
881
55
536
745
731
321
947
58
260
902
125
631
817
37
199
710
340
879
584
646
370
845
563
327
503
601
104
627
863
397
241
537
834
712
121
657
870
836
512
488
854
591
154
283
803
528
209
9
363
183
158
611
611
680
366
660
830
647
31
285
671
422
328
925
31
76
101
409
985
561
872
376
261
896
149
677
443
325
545
316
638
452
351
526
850
473
616
436
783
552
365
444
54
129
339
943
111
377
406
106
751
43
857
648
289
739
521
229
927
172
897
816
959
134
902
919
26
467
13
798
378
129
412
624
673
470
939
365
253
553
215
501
613
25
863
187
575
238
256
356
34
981
534
59
933
916
844
287
987
109
260
193
460
322
5
626
381
326
12
388
417
281
860
303
98
636
981
709
918
134
871
522
284
797
586
916
664
785
885
954
88
192
935
58
366
862
683
431
530
788
448
9
548
787
97
862
860
795
156
643
196
771
578
667
903
524
228
116
374
75
316
345
275
66
286
238
565
880
174
1
628
864
208
621
370
629
459
363
372
577
995
278
453
855
795
356
669
465
873
860
453
349
88
21
862
967
882
431
738
702
36
376
107
980
148
496
123
749
161
45
388
812
494
562
35
789
996
718
225
553
996
354
387
317
310
881
392
598
269
149
261
813
723
510
277
540
277
122
909
548
720
811
716
614
601
140
976
45
733
990
273
543
69
471
864
778
147
641
868
110
509
240
964
353
749
716
821
577
362
886
669
370
682
688
469
379
866
62
633
223
417
873
685
623
35
861
954
826
537
725
321
725
395
884
736
178
691
50
659
394
801
426
857
91
951
671
349
389
636
216
731
385
584
607
974
309
72
266
646
343
417
917
799
241
574
24
86
657
195
327
619
888
263
954
718
935
169
993
810
802
207
364
42
427
382
449
117
973
968
607
359
245
982
325
526
958
244
500
195
724
924
157
117
151
37
808
892
582
699
943
17
170
861
564
70
748
298
49
957
412
987
576
916
420
334
576
595
486
729
792
483
11
315
824
456
808
539
993
35
945
892
161
882
416
142
260
357
814
525
813
103
709
503
677
394
414
406
561
895
384
764
153
924
999
702
174
318
510
285
4
41
525
408
7
923
216
547
719
61
667
315
40
697
688
412
998
911
111
324
931
453
513
52
472
17
442
600
416
578
354
762
481
881
317
815
518
108
529
674
118
896
531
469
469
34
330
126
234
269
636
810
204
580
949
438
53
87
114
568
428
96
580
985
226
811
789
275
805
737
996
767
781
414
614
360
561
366
815
435
525
448
856
64
4
984
119
103
363
675
145
684
717
870
128
791
632
983
350
379
445
956
134
818
860
977
457
656
701
415
773
471
288
380
404
257
376
204
842
901
542
323
125
368
772
367
704
698
915
71
595
539
848
178
57
379
319
710
522
632
646
200
406
319
554
88
478
535
470
61
609
171
138
873
539
854
934
705
639
303
555
260
370
299
667
854
727
945
982
687
51
620
78
698
534
607
208
531
400
381
390
280
906
398
604
123
148
301
106
606
373
161
889
876
453
980
757
282
161
943
583
218
818
669
915
557
503
421
801
633
131
72
755
98
189
200
868
681
2
824
976
627
571
609
781
373
778
318
933
234
252
362
417
820
868
686
556
104
553
53
856
557
908
505
823
828
61
708
164
973
237
612
723
356
647
588
610
757
189
374
4
475
130
528
588
164
975
486
647
657
536
386
614
308
395
414
734
255
738
612
589
718
44
94
270
419
640
943
625
272
375
640
909
556
337
828
66
28
51
785
985
522
31
895
423
771
395
952
298
486
739
500
505
153
38
552
682
372
874
716
884
447
908
527
8
220
422
978
689
425
954
938
972
633
743
962
976
150
502
135
880
545
811
844
579
327
434
821
257
14
997
69
569
5
465
519
533
297
619
748
202
493
763
332
580
30
176
137
611
296
414
383
434
520
399
789
768
987
629
102
466
384
724
404
210
493
212
837
102
811
243
936
489
219
76
431
28
242
764
43
708
347
828
103
868
346
366
651
201
369
366
577
936
640
711
51
825
487
214
136
745
226
190
617
909
527
226
536
524
852
697
152
542
59
236
449
970
167
230
743
490
453
952
910
549
720
350
427
896
638
290
355
860
365
412
792
840
77
191
712
595
603
674
804
254
654
630
971
601
999
688
887
995
309
55
919
49
729
45
959
917
719
443
982
299
775
164
88
33
145
206
952
459
13
895
688
270
265
368
97
330
521
465
692
375
944
959
353
100
92
51
123
963
600
649
90
607
740
353
312
542
857
367
113
961
174
344
702
482
962
42
824
178
539
892
381
717
990
757
488
642
427
806
113
284
419
38
600
395
475
499
522
765
949
584
61
830
370
391
940
808
700
232
781
157
359
466
336
607
415
968
992
66
911
444
285
301
878
467
72
753
523
685
264
323
391
322
30
597
661
902
245
74
852
881
161
140
128
8
114
497
15
281
730
900
263
291
501
46
378
759
295
678
805
82
841
562
440
434
839
660
465
224
823
779
526
9
726
300
127
367
102
462
517
934
134
983
78
654
518
349
532
70
753
812
96
848
85
608
581
984
28
815
223
766
698
540
336
965
805
434
97
370
730
622
773
995
670
377
435
68
554
112
619
481
459
554
17
685
922
721
891
415
836
183
948
824
831
266
745
604
644
965
530
64
569
108
243
42
833
387
462
265
563
613
500
861
440
286
69
630
99
433
880
438
941
125
491
339
372
958
947
304
51
155
243
598
911
1
767
171
251
602
544
636
390
305
564
663
171
557
183
854
266
907
649
103
890
697
561
298
929
514
880
314
817
448
501
182
602
923
21
87
145
636
564
652
793
818
163
657
882
580
181
899
371
781
513
790
554
173
222
562
364
206
133
42
520
603
922
223
470
467
1
469
163
75
355
997
645
691
383
103
995
916
453
41
377
333
667
540
196
431
257
498
726
443
703
752
735
312
387
531
565
178
747
405
96
366
205
455
38
144
704
278
415
647
546
630
3
201
367
611
20
822
729
88
27
608
128
2
326
696
393
653
242
392
908
270
522
893
737
108
138
846
523
337
920
325
640
869
93
649
921
150
270
208
474
368
82
669
955
790
793
690
657
209
283
691
517
915
488
653
243
930
881
791
183
342
380
32
244
778
784
152
732
757
761
743
294
741
759
729
289
394
95
852
167
74
630
363
973
813
780
800
232
734
705
591
631
650
119
77
653
214
401
255
685
395
685
684
880
319
705
458
362
370
261
427
98
33
181
441
95
797
426
979
404
244
194
991
238
957
367
695
868
179
176
771
731
848
780
268
82
222
459
240
104
887
166
349
780
908
654
684
959
572
620
178
944
328
837
221
758
956
674
930
361
804
335
134
887
989
159
727
238
372
421
345
830
466
283
937
925
383
248
928
659
136
759
608
918
522
9
91
777
714
786
43
398
8
486
730
199
124
917
318
759
749
706
170
447
588
579
200
246
44
220
270
963
470
350
764
540
86
685
545
14
232
437
822
300
587
540
967
245
909
240
489
480
872
261
489
231
674
432
894
327
342
834
480
244
460
638
167
858
970
99
927
54
541
809
618
775
773
40
632
23
708
577
274
378
897
840
937
555
289
35
372
421
168
340
174
753
669
836
292
369
612
100
947
396
865
550
142
526
562
688
36
119
685
651
456
742
400
903
3
589
222
193
255
299
223
304
2
179
209
682
763
282
831
980
717
234
55
781
907
814
249
862
723
409
644
488
147
437
260
986
462
377
380
109
180
655
986
925
938
718
605
386
946
64
101
194
380
333
227
583
119
421
931
303
128
585
672
612
267
492
410
454
977
170
493
381
753
969
488
323
719
289
519
282
643
619
654
906
289
570
736
67
303
164
349
19
30
10
205
94
984
228
151
186
26
997
328
473
309
745
307
655
160
940
688
916
952
143
389
335
651
567
280
778
984
866
782
673
53
565
505
992
741
218
656
885
427
470
535
742
885
786
490
9
812
75
646
372
162
528
368
697
952
44
222
130
893
141
298
616
296
767
763
9
919
69
697
458
68
454
999
860
773
476
208
104
991
418
540
996
273
608
173
888
752
613
642
278
102
247
767
468
649
21
64
701
647
89
459
870
235
490
949
57
181
10
16
663
631
445
544
46
990
589
553
185
693
841
784
672
88
230
146
319
410
746
590
452
371
756
530
892
774
958
408
15
426
634
361
498
359
374
330
140
252
807
458
572
944
111
497
445
640
599
364
46
822
961
841
799
654
49
337
694
544
719
374
435
561
747
410
423
140
800
673
849
801
182
473
261
129
653
683
506
112
89
881
462
852
116
282
354
184
489
588
836
207
463
314
112
921
975
78
897
321
941
190
632
344
918
309
358
220
884
815
437
959
556
22
262
431
751
621
230
612
944
658
466
505
278
390
275
709
443
998
626
608
475
681
165
923
714
781
142
573
659
773
267
737
944
861
557
285
385
398
934
282
562
169
226
215
549
916
610
654
774
603
625
143
621
610
167
921
980
157
278
412
260
100
701
730
142
655
230
695
294
758
328
321
705
718
792
737
826
634
890
155
527
564
799
200
366
845
312
479
399
600
371
636
482
639
912
545
994
559
172
664
528
621
855
238
711
727
345
999
738
626
670
745
311
205
599
474
326
353
842
428
794
757
538
437
186
645
120
159
34
961
485
926
86
166
457
5
896
672
840
467
823
233
455
885
52
623
568
864
933
27
949
483
917
584
244
154
952
49
864
628
807
144
781
240
456
760
848
746
909
327
417
992
53
330
386
54
459
951
458
279
190
522
819
624
507
580
53
418
928
862
523
975
624
482
729
412
328
84
398
920
910
758
330
186
19
98
631
286
409
30
696
45
417
477
89
333
368
641
836
521
840
163
423
586
302
232
518
935
605
143
220
228
971
933
723
186
883
861
853
279
103
83
282
412
234
527
901
501
457
125
179
942
888
825
156
826
752
887
304
243
431
504
361
322
279
761
248
64
447
548
648
845
282
612
342
242
454
172
562
135
706
365
487
14
889
642
805
782
286
302
770
996
828
551
681
33
389
886
769
82
702
22
76
560
68
735
246
270
601
307
700
864
328
49
5
187
951
998
356
801
547
46
890
90
593
171
237
376
240
832
941
186
599
68
920
871
551
244
318
247
896
482
914
25
221
557
747
927
65
959
359
953
242
381
763
830
764
64
224
671
509
143
934
328
496
396
526
17
60
395
48
89
458
403
649
549
950
665
479
828
47
921
103
535
11
924
304
415
229
3
768
735
366
271
986
755
174
47
13
939
962
868
686
259
437
114
526
783
700
484
745
492
70
730
790
563
141
173
549
959
563
235
619
580
598
279
733
588
400
793
675
407
142
320
904
731
699
58
916
199
554
287
99
1
116
969
348
797
988
241
618
372
199
821
842
213
869
998
193
872
142
318
108
725
168
502
44
379
426
107
95
723
119
12
238
665
169
31
859
200
172
432
21
522
506
962
112
714
632
354
675
555
862
902
220
559
255
960
492
255
159
675
939
705
766
538
127
285
722
914
113
192
319
359
115
914
793
626
24
490
686
176
198
229
368
782
830
269
127
194
453
976
399
163
838
833
563
770
822
770
335
680
742
76
495
727
139
858
911
497
876
75
127
220
808
742
697
130
18
593
168
148
115
524
766
563
901
614
165
374
449
23
212
874
40
916
764
34
94
239
25
234
614
407
178
77
177
385
395
746
833
235
439
101
37
804
550
451
287
764
101
727
274
747
140
835
957
316
100
209
252
377
978
572
625
149
517
72
233
456
176
861
494
61
898
94
44
77
439
244
698
872
382
902
914
997
546
166
452
871
958
859
241
287
907
367
777
343
875
874
871
592
851
945
93
104
859
976
515
296
609
116
64
732
505
496
71
995
605
936
833
590
532
421
703
641
939
310
889
698
302
823
555
755
558
978
711
497
246
375
549
969
922
183
720
826
158
960
676
374
134
768
506
558
704
250
828
373
768
61
699
340
528
989
642
455
890
622
830
20
871
195
652
499
610
707
105
141
669
34
313
315
626
497
239
600
854
191
209
669
668
480
721
767
885
888
648
980
720
969
314
364
698
734
349
734
839
434
333
267
400
697
528
651
251
365
952
448
531
99
246
392
797
582
580
978
65
923
833
746
107
312
587
848
731
976
1
703
150
320
83
49
283
289
678
626
894
15
923
571
418
209
670
53
812
928
490
967
612
731
507
895
199
834
882
300
235
752
45
412
781
145
716
281
917
236
524
202
180
139
357
235
986
481
419
27
272
315
401
895
593
67
211
210
159
151
778
201
267
291
663
454
473
249
820
481
976
344
864
277
875
442
340
103
371
423
353
812
491
147
615
276
231
557
734
325
607
778
552
194
559
57
373
438
761
25
798
868
56
738
522
122
774
310
181
217
401
844
793
113
187
720
440
185
176
741
494
782
582
695
770
56
973
795
829
344
384
228
41
788
412
325
685
111
75
11
420
951
492
922
314
329
163
531
623
84
406
24
920
140
706
1000
626
569
988
509
711
976
555
750
955
451
458
570
334
491
113
177
462
965
28
183
592
976
125
9
911
92
166
968
966
513
650
415
593
43
988
636
974
666
276
655
519
396
745
322
981
347
707
7
725
184
833
316
833
145
419
244
434
274
865
506
728
886
973
404
818
57
849
272
266
23
391
601
941
644
351
43
684
340
294
330
443
154
326
508
232
584
956
710
731
994
461
364
841
321
885
606
681
599
686
336
951
933
298
573
252
316
739
905
887
400
982
261
501
406
360
766
995
486
478
213
647
559
662
778
649
859
429
982
364
258
841
166
106
923
686
44
981
440
686
531
250
668
594
578
943
662
383
513
3
651
161
104
673
208
637
814
628
803
958
692
507
390
384
553
311
166
900
292
446
186
454
365
720
301
427
597
335
164
382
982
511
72
154
788
249
752
845
156
744
184
339
120
772
337
963
990
758
358
317
285
430
986
721
755
275
209
583
535
930
342
71
493
890
982
3
192
629
655
898
864
543
589
461
260
355
305
724
209
466
573
838
244
970
393
523
541
409
704
177
342
489
763
90
557
699
247
367
908
442
991
347
224
522
716
683
28
809
923
232
933
556
4
680
407
86
296
104
417
527
501
619
980
889
946
211
495
562
184
932
598
318
810
351
105
542
828
813
465
784
714
895
665
693
228
399
884
252
838
332
24
792
527
305
575
329
51
217
693
827
972
987
835
648
432
798
443
802
363
582
357
706
633
230
584
341
989
95
770
899
681
152
674
599
104
305
195
354
709
487
631
90
423
285
331
480
477
922
869
389
588
997
771
498
847
391
226
298
266
974
814
961
808
702
870
68
600
658
800
526
604
289
325
738
808
248
1
436
376
992
831
854
820
173
865
947
769
74
766
501
815
193
58
37
681
223
497
8
39
936
524
960
290
574
653
700
469
393
876
555
413
457
956
495
886
340
634
87
836
53
497
949
684
615
945
979
170
828
366
199
910
836
532
740
51
176
34
97
805
768
886
908
297
647
216
873
711
869
188
384
591
515
32
527
684
261
344
98
587
772
932
596
72
528
323
54
480
503
193
48
411
5
240
628
196
110
798
409
398
81
324
809
646
848
289
211
825
596
224
952
231
528
939
649
679
181
798
474
748
246
141
159
919
415
755
399
257
453
115
410
290
746
902
181
341
33
347
301
9
125
663
249
418
890
517
721
691
966
259
46
512
151
221
721
991
981
396
393
663
314
901
503
804
802
79
847
728
470
967
558
242
304
92
625
741
180
361
150
722
964
437
365
578
822
352
489
488
830
873
96
34
386
351
940
690
365
297
397
4
76
336
577
813
280
206
628
84
42
243
619
651
808
500
852
19
675
977
880
331
967
556
648
44
458
723
711
110
926
903
178
978
454
201
445
655
693
480
138
939
228
796
638
963
371
871
689
648
816
752
523
210
545
111
168
898
353
380
931
546
233
423
560
186
875
217
80
517
909
11
30
494
923
16
687
252
210
367
622
561
440
826
459
879
56
999
25
599
612
926
58
717
638
335
937
282
613
223
754
933
938
591
696
238
180
529
658
532
141
184
589
210
887
345
15
871
546
270
607
716
279
361
501
693
656
942
932
123
44
673
576
318
508
46
879
673
603
378
525
661
669
235
853
471
271
870
788
929
425
496
126
207
985
594
693
893
631
405
3
810
622
202
457
195
179
892
579
995
588
768
863
186
398
431
915
351
478
196
651
432
288
22
942
905
575
73
543
973
965
923
192
294
561
478
147
488
284
680
768
563
673
165
981
40
89
251
738
686
468
566
45
464
858
869
506
37
95
790
380
48
336
622
655
633
274
358
210
539
226
844
610
785
27
14
316
771
512
560
366
476
296
587
563
482
160
959
257
651
774
88
110
760
625
305
562
154
29
264
844
292
568
97
556
588
793
950
945
154
673
207
30
262
337
829
321
831
340
303
702
630
433
188
896
669
960
216
290
111
706
396
496
697
909
278
995
754
417
185
68
729
669
194
728
239
501
919
192
747
600
494
538
578
605
741
637
21
239
334
102
590
200
96
971
916
910
239
974
962
891
693
269
146
724
194
597
857
466
752
643
872
979
286
881
575
830
871
346
722
240
83
660
84
651
739
436
429
743
360
838
56
604
326
708
529
999
526
49
586
786
694
177
816
996
927
929
609
319
362
517
346
112
220
777
148
285
533
661
462
263
232
621
808
371
309
251
387
692
116
606
768
409
434
211
45
889
318
839
242
387
909
123
530
773
492
968
218
171
230
582
740
451
170
839
610
731
336
988
961
395
700
147
412
488
71
218
98
946
716
506
416
708
721
110
71
642
327
360
357
770
937
612
841
872
74
172
266
486
217
788
675
861
112
781
872
21
624
443
99
151
301
350
208
767
842
512
974
133
431
164
590
25
960
729
7
229
814
68
998
442
380
917
681
961
79
324
868
915
679
612
103
27
769
988
601
396
960
614
496
462
585
484
787
228
901
411
363
297
752
476
261
224
195
586
272
761
672
623
929
558
777
315
651
750
605
772
373
839
511
250
190
210
676
969
665
756
887
802
695
101
241
431
4
160
53
345
720
234
109
927
514
771
735
617
285
962
452
5
894
615
315
339
523
581
614
189
72
623
634
985
735
320
270
116
639
702
758
293
772
513
145
833
547
451
543
157
94
608
188
815
944
417
356
236
767
754
535
104
64
619
125
707
893
985
418
112
120
719
667
95
245
88
985
671
311
387
861
649
374
102
509
3
959
18
802
213
635
183
261
304
934
705
198
365
391
495
43
560
245
178
370
240
572
809
755
577
544
936
846
215
252
679
915
326
275
720
355
423
359
861
720
183
631
465
812
811
789
850
484
775
116
698
422
135
90
990
181
279
499
925
923
512
303
963
167
85
789
674
383
834
954
894
78
163
918
213
57
154
730
874
838
355
376
923
712
896
992
173
310
697
484
573
196
767
472
480
792
391
418
898
768
46
165
277
939
888
648
214
38
968
225
253
136
166
938
665
858
145
195
885
316
233
717
361
801
577
463
488
832
140
661
83
978
345
761
10
278
663
234
672
19
408
804
6
621
420
927
422
791
668
749
181
579
930
514
357
254
634
883
732
551
213
562
451
507
875
60
8
968
512
968
485
204
564
592
413
745
514
323
354
909
258
415
269
974
245
725
967
701
196
929
648
269
844
851
304
790
705
455
697
597
841
517
347
866
731
898
275
511
644
87
584
573
249
794
569
925
23
334
163
508
783
477
581
363
487
948
212
603
122
215
881
668
896
929
491
567
911
903
426
731
75
905
518
34
741
737
202
690
970
944
133
412
229
172
926
429
705
652
121
140
686
267
316
141
823
872
714
742
17
144
174
138
872
178
181
180
771
738
570
14
460
282
722
80
13
2
851
464
526
318
369
282
615
18
706
499
614
14
627
285
251
78
583
338
862
555
268
129
453
673
876
121
7
851
552
235
96
360
751
220
438
730
939
661
850
975
178
495
643
452
296
797
50
115
451
952
198
858
855
783
217
503
661
150
22
948
66
56
100
740
450
917
491
818
138
369
801
269
568
262
305
330
666
592
481
283
260
531
876
62
390
726
629
556
33
334
702
481
947
416
883
341
978
931
648
725
517
156
951
820
865
865
235
116
607
906
552
930
521
378
440
996
806
796
971
666
509
571
116
627
117
267
613
827
592
121
322
897
76
172
505
260
764
429
118
934
473
262
264
63
513
382
7
171
271
997
42
585
33
335
483
724
473
994
174
458
789
13
218
405
512
777
538
64
412
808
76
340
891
301
209
970
997
886
901
314
421
289
95
579
493
641
347
155
266
211
366
577
510
559
91
190
346
833
581
271
743
425
265
109
590
33
533
587
800
924
458
56
107
749
83
727
88
703
965
942
312
62
3
387
413
399
590
588
987
417
912
352
700
937
508
222
637
582
747
67
856
74
669
339
470
428
492
810
977
70
154
343
866
89
511
739
392
203
327
164
679
10
286
849
234
846
358
800
998
375
62
442
703
919
965
648
219
522
479
717
941
740
834
782
103
149
455
909
356
598
441
698
63
623
555
246
729
68
999
378
294
586
4
902
203
210
888
869
913
840
858
795
281
521
991
990
459
78
466
203
454
907
252
144
243
224
907
731
424
372
380
667
427
571
77
810
259
214
645
297
421
879
435
711
745
387
644
261
422
511
174
263
774
961
988
811
112
261
273
338
781
59
629
530
899
673
262
716
4
605
775
196
222
975
929
721
734
784
252
962
538
458
33
119
465
133
803
302
249
171
914
566
53
560
908
338
321
397
400
659
703
520
216
613
493
58
703
675
389
13
274
292
509
720
816
206
497
224
294
526
180
146
85
686
594
446
855
740
357
397
154
770
888
165
96
502
399
129
160
718
628
822
830
23
408
826
157
53
85
145
782
196
144
988
142
506
817
190
677
566
142
504
799
399
638
334
944
5
15
779
588
300
947
977
578
484
995
490
581
4
595
773
39
172
108
795
546
96
314
39
818
464
193
721
418
742
399
699
293
976
395
13
998
326
879
605
17
966
691
320
68
848
699
348
110
491
327
220
375
379
713
555
830
593
787
829
247
979
882
827
844
67
325
583
189
913
22
793
750
56
647
453
19
651
688
42
163
7
61
820
588
733
338
586
720
245
653
988
57
945
613
106
614
677
915
636
886
309
838
119
213
776
1
218
607
136
401
185
252
599
619
806
854
696
240
71
45
820
270
71
144
496
799
145
21
182
185
687
373
276
82
683
890
377
810
906
488
948
103
911
267
908
36
119
137
972
140
631
917
277
255
661
415
315
986
831
543
99
201
195
42
328
635
744
946
312
742
883
904
406
48
519
995
884
669
990
265
37
702
977
17
187
291
87
339
610
246
126
643
983
778
494
219
53
128
43
33
94
476
280
135
741
562
198
801
113
787
289
41
64
845
275
305
677
593
146
981
487
221
664
902
382
879
495
534
949
841
420
765
844
918
734
474
760
424
913
566
593
353
44
648
543
902
200
23
371
45
343
31
802
715
791
622
516
199
362
3
930
486
195
63
385
857
285
286
772
455
909
121
153
537
770
50
273
808
472
280
512
837
994
124
788
570
3
806
485
575
580
638
77
28
287
79
86
780
573
261
869
509
762
613
814
118
247
194
448
242
364
688
153
437
606
848
480
638
830
266
58
793
543
539
317
315
687
865
753
973
452
328
871
805
47
179
384
670
852
690
91
499
40
402
968
150
674
342
4
318
478
380
408
561
89
610
945
409
196
793
811
11
190
883
873
292
417
616
154
607
794
30
527
954
520
944
731
129
745
945
205
662
92
360
820
39
243
264
275
697
627
740
707
553
178
330
570
578
335
767
968
963
491
619
99
337
722
193
834
532
576
395
87
763
903
733
232
104
582
123
202
563
62
351
345
217
285
110
7
624
835
675
304
836
838
126
722
295
826
529
666
386
829
491
476
931
453
515
652
893
315
710
633
926
404
430
915
613
713
634
984
458
67
424
686
214
942
144
793
124
948
670
282
676
710
861
376
29
313
912
914
237
188
545
310
738
408
488
333
512
878
212
66
597
803
155
863
665
359
183
145
747
482
873
925
957
387
934
386
308
859
108
561
228
986
817
386
629
687
879
830
702
66
125
654
517
167
410
930
677
730
541
227
652
294
394
231
758
576
840
428
551
994
122
256
818
232
207
618
644
683
100
974
887
903
958
30
28
210
319
512
153
753
380
197
510
877
636
901
492
265
485
501
845
988
8
595
653
165
920
744
440
601
184
691
882
901
13
885
264
641
149
845
169
195
764
580
611
287
808
502
893
276
587
917
667
863
32
846
665
507
826
838
988
113
678
848
739
63
205
602
26
455
481
426
744
622
213
355
956
169
722
143
437
746
996
613
377
255
683
315
829
143
861
566
50
170
142
106
25
157
937
573
55
666
824
463
291
753
148
972
183
214
723
21
167
525
371
274
321
266
904
447
390
504
595
844
175
686
826
280
845
189
470
665
527
491
304
965
850
526
592
187
87
834
243
988
138
394
461
797
9
127
694
282
222
964
507
761
338
708
421
536
576
60
775
139
738
656
321
546
293
392
330
427
164
948
78
847
951
20
444
46
103
930
283
420
101
374
473
922
757
190
894
7
445
652
430
262
622
838
609
322
64
987
811
533
506
2
685
795
777
451
365
299
463
440
522
679
460
183
263
495
49
375
422
365
957
798
552
651
457
486
525
782
323
740
488
175
467
75
599
575
705
411
805
414
689
293
197
356
209
955
251
162
532
385
438
125
950
158
190
220
470
616
679
995
855
289
744
686
574
213
450
865
773
311
562
476
614
520
8
623
287
596
635
648
904
756
4
944
875
650
895
531
712
294
592
396
359
955
651
260
277
342
626
380
71
881
857
716
905
711
126
106
158
892
424
628
665
3
726
337
71
856
512
344
439
34
865
264
691
214
202
556
317
151
189
736
118
943
111
810
680
328
68
768
117
27
395
239
447
632
125
388
447
681
837
645
861
817
982
634
296
19
642
138
607
961
994
279
229
16
18
738
703
699
558
208
37
585
544
922
380
162
475
841
619
512
641
217
697
948
423
313
135
443
598
327
464
511
358
56
404
24
147
883
900
876
827
160
338
761
163
785
723
100
881
147
98
288
190
601
363
109
988
280
428
75
525
817
568
505
405
385
460
629
394
580
848
850
134
208
741
985
825
819
730
181
844
984
84
952
148
935
538
942
772
80
419
699
460
491
399
674
96
202
633
973
224
588
358
250
613
890
467
250
95
183
291
823
701
29
133
609
114
378
348
727
487
465
147
128
974
331
412
782
722
689
304
223
233
453
818
989
29
736
803
211
860
99
350
206
439
635
858
346
866
714
396
819
911
553
456
138
238
90
396
803
577
563
147
442
410
463
969
713
16
138
135
300
794
748
625
213
220
488
303
33
682
47
402
580
927
777
504
529
142
957
57
195
443
467
497
681
663
903
818
250
326
480
371
582
995
114
810
633
551
967
378
527
16
61
298
480
712
614
192
860
570
717
542
139
902
153
331
941
913
233
52
404
928
781
85
314
694
611
159
491
595
700
259
365
728
357
138
382
854
668
449
560
877
434
812
401
600
109
151
570
238
650
60
42
348
828
382
601
125
445
444
584
135
626
867
439
201
602
184
860
539
53
408
322
492
493
749
773
684
590
510
292
195
858
394
481
343
265
904
313
290
680
753
326
933
901
806
786
913
115
667
58
648
991
408
741
869
957
114
314
792
633
737
540
123
884
767
854
604
286
806
143
773
302
538
240
981
349
505
457
87
615
544
625
943
58
234
203
793
150
459
430
515
147
544
963
715
827
530
588
115
318
909
846
55
762
585
400
728
617
841
686
808
59
343
521
774
216
580
484
737
247
477
380
692
860
706
43
32
414
495
180
197
286
967
254
466
17
407
152
148
700
78
712
279
525
218
15
548
739
460
478
988
605
1000
424
127
721
457
146
392
579
859
935
915
673
7
363
577
950
713
599
563
275
279
991
429
98
929
374
759
869
419
761
418
770
816
17
175
531
39
875
887
431
164
898
246
991
275
904
484
489
83
353
302
722
585
438
970
151
3
932
806
771
219
516
165
347
578
280
803
735
65
560
815
904
705
895
863
